saveMD5 = 87ee45e99970d6c1510b747891c02675
vesselCount = 1
UT = 621278.79356994934
gameMode = CAREER
gameNull = False
gameCompatible = True
funds = 412554.52390695899
science = 80
reputationPercent = 10
ongoingContracts = 6
saveMD5 = 87ee45e99970d6c1510b747891c02675
