saveMD5 = 7a4f37f0f694e06748fdef9c410294fd
vesselCount = 1
UT = 694048.95704418782
gameMode = CAREER
gameNull = False
gameCompatible = True
funds = 1181119.1970082824
science = 230
reputationPercent = 33
ongoingContracts = 7
saveMD5 = 7a4f37f0f694e06748fdef9c410294fd
