saveMD5 = 5a93468734e57ce30ab08dd02f24a6cb
vesselCount = 1
UT = 629132.18052918999
gameMode = CAREER
gameNull = False
gameCompatible = True
funds = 555489.01663061487
science = 87
reputationPercent = 25
ongoingContracts = 1
saveMD5 = 5a93468734e57ce30ab08dd02f24a6cb
