saveMD5 = 8528bc4c7e0a4588abe4a8b13a7f50d7
vesselCount = 1
UT = 707634.89881300624
gameMode = CAREER
gameNull = False
gameCompatible = True
funds = 1178328.9820478144
science = 308
reputationPercent = 33
ongoingContracts = 6
saveMD5 = 8528bc4c7e0a4588abe4a8b13a7f50d7
