saveMD5 = 8c9481c60619c6f7f5ab62d708130ff7
vesselCount = 1
UT = 695673.85704570112
gameMode = CAREER
gameNull = False
gameCompatible = True
funds = 1186030.7974443468
science = 231
reputationPercent = 33
ongoingContracts = 6
saveMD5 = 8c9481c60619c6f7f5ab62d708130ff7
